0.01
0.1
1
0.01
0.01
500
0.01
0.01
1
0.01
0.01
0.01
1
1
10
0.01
0.01
0.01
0.01
0.01
0.01
1
0.01
0.01
0.01
47
0.01
0.01
1000
0.01
0.01
0.01
0.01
0.01
0.01
43
0.01
10
105
474
1000
499
75
626
950
327
500
208
300
1000
640
5
1000
10
500
299
4000
335
10
500
10
10
20
5
473
13658
1618
150
1370
620
1500
500
4000
500
200
670
20
125
264
1592
716
50
104
500
22
500
1001
10
976
20
19
19
19
19
1001
374
1001
499
10
21
19
19
19
19
19
342
830
977
1001
2000
2000
10
10
3000
22
151
32
200
1001
59
200
600
1001
500
500
165
1600
1752
749
2981
2977
20
3000
220
176
41
3000
880
50
3000
2000
161
90
2430
95
10
32
18
500
500
10
10
10
1
352
10
1000
40
138
724
34
500
500
1
2
214
420
32
10
500
10
2347
50
50
7000
10
10
37
10
500
1400
10
856
10
130
10
10
384
23
10
10
78
20
59
21
20
2546
500
20
500
900
600
20
16
10
10
10
10
50
5000
5000
10
1000
10
10
1000
150
10
10
36
58
500
10
10
35
51
20
10
100
10
500
10
500
5
100
23
10
10
10
18
1000
3000
10
500
10
500
10
1000
3000
3000
13
73
2.06
97
155
